975		33		505		20		57		0.72	88.9		17320.1		17.62
910		60		573		10		68		0.9		65.68		3150.65		119.53
945		50		444		18		83		0.67	297.01		10500.88	56.46
960		40		646		3		23		0.85	62.03		2975		57.874
960		40		250		3		26		0.29	73.43		19659.7		81.5
985		28		146		16		24		0.17	34			6826.01		8.79
940		45		320		18		74		0.37	93.68		23115.38	177
958		35		466		13		33		0.76	93.84		16619.68	27.95
955		42		923.4	20		44		0.78	197.49		48729.7		134.46
955		42		1014	7		67		0.82	162.9		32925.5		124
955		42		250		7		67		0.18	22.23		3926.24		19.06
955		45		450		20		39		0.8		160			32122		236.3
955		40		170		10		30		0.24	60.7		13696.1 	10.76
950		42		1800	21		41		0.6		55.2		16800		10
985 	25		260		15		68		0.66	81.5		13002.7		10.16
975		35 		170		4		35		1		37.9		1785.42		5
970		35		273		14		30		0.17	43.04		9690		19.8
960		42		825		10		44		0.9		65.68		2250		58.13
990		23		166		12		64		0.52	64.2		9100		5